image_width: 1280
image_height: 1024
camera_name: narrow_stereo
camera_matrix:
  rows: 3
  cols: 3
  data: [671.134556, 0.000000, 627.325540, 0.000000, 671.034831, 531.082362, 0.000000, 0.000000, 1.000000]
distortion_model: plumb_bob
distortion_coefficients:
  rows: 1
  cols: 5
  data: [-0.275463, 0.071084, 0.000304, -0.000246, 0.000000]
rectification_matrix:
  rows: 3
  cols: 3
  data: [1.000000, 0.000000, 0.000000, 0.000000, 1.000000, 0.000000, 0.000000, 0.000000, 1.000000]
projection_matrix:
  rows: 3
  cols: 4
  data: [510.791809, 0.000000, 627.756665, 0.000000, 0.000000, 544.705383, 540.937494, 0.000000, 0.000000, 0.000000, 1.000000, 0.000000]
